
Phoneme [d]
	  pitch  30  46   17mS
 17mS  136 200 1600 2600 ( 15  28  12   8)  to  136 200 1600 2600 ( 15  28  16  12)
Phoneme [i:]
	  pitch  46  49   79mS
 28mS  152 235 1961 2660 (  5  54  37  37)  to  152 296 2220 2820 (  8  83  73  74)
 20mS  152 296 2220 2820 (  8  83  73  74)  to  152 295 2277 2820 (  8  60  60  63)
 10mS  152 295 2277 2820 (  8  60  60  63)  to  125 256 2360 2820 (  8  52  52  53)
 10mS  125 256 2360 2820 (  8  52  52  53)  to  105 222 2400 2820 (  8  40  41  39)
  9mS  105 222 2400 2820 (  8  40  41  39)  to  129 258 2260 2900 ( 15  32  12  20)
Phoneme [;]
	  pitch  48  49   42mS
 14mS  180 397 2260 2900 ( 15  32  12  20)  to  237 475 2048 2696 ( 24  47  36  36)
 28mS  237 475 2048 2696 ( 24  47  36  36)  to  248 646 1780 2500 ( 41  76  83  75)
	  pitch  49  52   46mS
Phoneme [E]
 20mS  248 646 1780 2500 ( 41  76  83  75)  to  248 646 1780 2500 ( 37  68  75  67)
 16mS  248 646 1780 2500 ( 37  68  75  67)  to  248 646 1780 2500 ( 25  46  50  45)
  8mS  248 646 1780 2500 ( 25  46  50  45)  to  248 646 1594 2300 ( 17  32  28  25)
Phoneme [f]
Phoneme [d]
	  pitch  51  53   17mS
 17mS  136 200 1600 2600 ( 15  28  12   8)  to  136 200 1600 2600 ( 15  28  16  12)
Phoneme [i:]
	  pitch  53  56   79mS
 28mS  152 235 1961 2660 (  5  54  37  37)  to  152 296 2220 2820 (  8  83  73  74)
 20mS  152 296 2220 2820 (  8  83  73  74)  to  152 295 2277 2820 (  8  60  60  63)
 10mS  152 295 2277 2820 (  8  60  60  63)  to  125 256 2360 2820 (  8  52  52  53)
 10mS  125 256 2360 2820 (  8  52  52  53)  to  105 222 2400 2820 (  8  40  41  39)
  9mS  105 222 2400 2820 (  8  40  41  39)  to  129 258 2260 2900 ( 15  32  12  20)
Phoneme [;]
	  pitch  55  63   61mS
 20mS  176 363 2260 2900 ( 15  32  12  20)  to  237 475 2048 2696 ( 24  47  36  36)
 40mS  237 475 2048 2696 ( 24  47  36  36)  to  248 646 1780 2500 ( 41  76  83  75)
	  pitch   8  64   97mS
Phoneme [E]
 43mS  248 646 1780 2500 ( 41  76  83  75)  to  248 646 1780 2500 ( 37  68  75  67)
 35mS  248 646 1780 2500 ( 37  68  75  67)  to  248 646 1780 2500 ( 25  46  50  45)
 17mS  248 646 1780 2500 ( 25  46  50  45)  to  248 646 1390 2300 ( 17  32  28  25)
Phoneme [f]
Phoneme [_:]
Phoneme [_]

Phoneme [d]
	  pitch  30  46   17mS
 17mS  136 200 1600 2600 ( 15  28  12   8)  to  136 200 1600 2600 ( 15  28  16  12)
Phoneme [i:]
	  pitch  46  49   79mS
 28mS  152 235 1961 2660 (  5  54  37  37)  to  152 296 2220 2820 (  8  83  73  74)
 20mS  152 296 2220 2820 (  8  83  73  74)  to  152 295 2277 2820 (  8  60  60  63)
 10mS  152 295 2277 2820 (  8  60  60  63)  to  125 256 2360 2820 (  8  52  52  53)
 10mS  125 256 2360 2820 (  8  52  52  53)  to  105 222 2400 2820 (  8  40  41  39)
  9mS  105 222 2400 2820 (  8  40  41  39)  to  129 258 2260 2900 ( 15  32  12  20)
Phoneme [;]
	  pitch  48  49   42mS
 14mS  180 397 2260 2900 ( 15  32  12  20)  to  237 475 2048 2696 ( 24  47  36  36)
 28mS  237 475 2048 2696 ( 24  47  36  36)  to  248 646 1780 2500 ( 41  76  83  75)
	  pitch  49  52   46mS
Phoneme [E]
 20mS  248 646 1780 2500 ( 41  76  83  75)  to  248 646 1780 2500 ( 37  68  75  67)
 16mS  248 646 1780 2500 ( 37  68  75  67)  to  248 646 1780 2500 ( 25  46  50  45)
  8mS  248 646 1780 2500 ( 25  46  50  45)  to  248 646 1594 2300 ( 17  32  28  25)
Phoneme [f]
Phoneme [d]
	  pitch  51  53   17mS
 17mS  136 200 1600 2600 ( 15  28  12   8)  to  136 200 1600 2600 ( 15  28  16  12)
Phoneme [i:]
	  pitch  53  56   79mS
 28mS  152 235 1961 2660 (  5  54  37  37)  to  152 296 2220 2820 (  8  83  73  74)
 20mS  152 296 2220 2820 (  8  83  73  74)  to  152 295 2277 2820 (  8  60  60  63)
 10mS  152 295 2277 2820 (  8  60  60  63)  to  125 256 2360 2820 (  8  52  52  53)
 10mS  125 256 2360 2820 (  8  52  52  53)  to  105 222 2400 2820 (  8  40  41  39)
  9mS  105 222 2400 2820 (  8  40  41  39)  to  129 258 2260 2900 ( 15  32  12  20)
Phoneme [;]
	  pitch  55  63   61mS
 20mS  176 363 2260 2900 ( 15  32  12  20)  to  237 475 2048 2696 ( 24  47  36  36)
 40mS  237 475 2048 2696 ( 24  47  36  36)  to  248 646 1780 2500 ( 41  76  83  75)
	  pitch   8  64   97mS
Phoneme [E]
 43mS  248 646 1780 2500 ( 41  76  83  75)  to  248 646 1780 2500 ( 37  68  75  67)
 35mS  248 646 1780 2500 ( 37  68  75  67)  to  248 646 1780 2500 ( 25  46  50  45)
 17mS  248 646 1780 2500 ( 25  46  50  45)  to  248 646 1390 2300 ( 17  32  28  25)
Phoneme [f]
Phoneme [_:]
Phoneme [_]
